dx       dy     dz      H2       CH4
0.53126	0.09159	0	-2585.4069	-1147.73779
0.5314	0.09116	0.00282	-2590.6824	-1150.9392
0.53189	0.09037	0.00545	-2592.77658	-1155.30286
0.53203	0.09014	0.0083	-2591.4606	-1156.48455
0.53135	0.09111	0.01074	-2586.89998	-1151.56123
0.53049	0.09236	0.01287	-2579.5385	-1144.87659
0.52958	0.0937	0.01489	-2569.91261	-1137.50362
0.52865	0.09508	0.01685	-2558.59501	-1129.80065
0.52771	0.09648	0.01877	-2546.14773	-1121.91979
0.52675	0.09791	0.02066	-2533.0555	-1113.94283
0.52578	0.09933	0.02252	-2519.69636	-1105.92544
0.5248	0.10073	0.0244	-2506.36108	-1097.88475
0.52383	0.10209	0.02634	-2493.2229	-1089.78792
0.52291	0.10337	0.02838	-2480.37161	-1081.52409
0.52204	0.10455	0.03056	-2467.81924	-1072.90114
0.52125	0.1056	0.03288	-2455.55617	-1063.64006
0.52055	0.10651	0.03534	-2443.54051	-1053.39133
0.51995	0.10729	0.03792	-2431.74283	-1041.76937
0.51943	0.10794	0.04057	-2420.15249	-1028.38102
0.51898	0.10851	0.04329	-2408.78459	-1012.851
0.51856	0.109	0.04603	-2397.68914	-994.83574
0.51817	0.10946	0.04879	-2386.93647	-974.04192
0.51777	0.10989	0.05155	-2376.60476	-950.23473
0.51734	0.11033	0.0543	-2366.75065	-923.2731
0.51687	0.11078	0.05703	-2357.43921	-893.14024
0.51634	0.11126	0.05973	-2348.68937	-859.99172
0.51573	0.11178	0.06237	-2340.52305	-824.18864
0.51503	0.11235	0.06496	-2332.92815	-786.31303
0.51425	0.11296	0.06747	-2325.88343	-747.13051
0.51339	0.11362	0.0699	-2319.35338	-707.49102
0.51246	0.11431	0.07227	-2313.31606	-668.17964
0.51149	0.11503	0.07458	-2307.7771	-629.7677
0.51051	0.11574	0.07689	-2302.70257	-592.49747
0.50957	0.11641	0.07924	-2298.10152	-556.26286
0.50871	0.11702	0.08169	-2293.99808	-520.76419
0.508	0.11751	0.08428	-2290.4233	-485.86006
0.5075	0.11786	0.08702	-2287.41455	-451.98134
0.50719	0.11806	0.08984	-2285.00541	-420.11942
0.50705	0.11816	0.0927	-2283.23164	-391.24401
0.50698	0.1182	0.09557	-2281.74084	-365.88817
0.50695	0.11822	0.09844	-2278.86304	-344.22246
0.50694	0.11823	0.10131	-2273.75553	-326.21013
0.50692	0.11824	0.10418	-2266.41567	-311.6775
0.50691	0.11825	0.10705	-2257.3025	-300.33562
0.5069	0.11826	0.10992	-2247.197	-291.81752
0.50689	0.11826	0.11279	-2236.8869	-285.70853
0.50689	0.11827	0.11566	-2226.93408	-281.56957
0.50689	0.1183	0.11853	-2217.67631	-278.97678
0.50686	0.11823	0.12139	-2209.31312	-277.40992
0.50687	0.11832	0.12426	-2201.98167	-276.77711
0.50685	0.11822	0.12713	-2195.80014	-276.43135
0.50686	0.11832	0.13	-2190.86734	-276.55574
0.50685	0.11822	0.13287	-2187.24977	-276.62546
0.50683	0.11832	0.13573	-2184.98247	-276.98134
0.50682	0.11832	0.1386	-2184.11575	-277.40337
0.5068	0.11831	0.14147	-2184.64727	-278.13169
0.50679	0.11829	0.14434	-2186.58584	-279.38704
0.50677	0.11826	0.14721	-2189.88906	-281.47102
0.50675	0.11823	0.15008	-2194.52735	-284.75704
0.50673	0.11822	0.15295	-2200.4419	-289.6662
0.50669	0.1182	0.15582	-2207.53637	-296.62753
0.50665	0.11817	0.15869	-2215.64977	-306.07121
0.5066	0.11813	0.16156	-2224.55785	-318.39868
0.50653	0.11809	0.16443	-2233.94858	-333.95101
0.50642	0.11802	0.16729	-2243.4423	-352.97116
0.50625	0.11791	0.17015	-2252.6936	-375.52359
0.50593	0.1177	0.17296	-2261.41135	-401.36984
0.50541	0.11735	0.17569	-2269.45056	-429.80047
0.50467	0.11685	0.17826	-2276.80974	-459.77009
0.50372	0.1162	0.18061	-2283.57321	-490.45492
0.50263	0.11545	0.18277	-2289.83968	-521.64526
0.50145	0.11463	0.18479	-2295.7085	-553.5895
0.50022	0.11377	0.18671	-2301.33595	-586.63051
0.49897	0.11289	0.1886	-2306.90427	-620.97492
0.49773	0.11202	0.1905	-2312.61542	-656.60498
0.49652	0.11115	0.19243	-2318.64173	-693.28406
0.49533	0.11029	0.19443	-2325.06607	-730.60043
0.4942	0.10945	0.19649	-2331.94204	-768.02
0.49312	0.10862	0.19864	-2339.30972	-804.94918
0.4921	0.10781	0.20086	-2347.18509	-840.78833
0.49116	0.10701	0.20317	-2355.55052	-874.98165
0.49029	0.10622	0.20555	-2364.35525	-907.06126
0.4895	0.10544	0.20799	-2373.52693	-936.68046
0.48877	0.10464	0.21048	-2382.99578	-963.63815
0.48811	0.10384	0.21301	-2392.71487	-987.87214
0.48749	0.103	0.21555	-2402.67772	-1009.45006
0.4869	0.10213	0.21809	-2412.89751	-1028.54307
0.48631	0.10121	0.22061	-2423.41361	-1045.39694
0.48571	0.10022	0.2231	-2434.29922	-1060.30513
0.48507	0.09916	0.22553	-2445.59701	-1073.58714
0.4844	0.09803	0.22789	-2457.35416	-1085.55601
0.48369	0.09682	0.23019	-2469.6057	-1096.49916
0.48295	0.09556	0.23241	-2482.32394	-1106.65779
0.48217	0.09426	0.23459	-2495.44783	-1116.21696
0.48138	0.09294	0.23673	-2508.84927	-1125.29542
0.48058	0.09159	0.23885	-2522.32067	-1133.95107
0.4798	0.09025	0.24099	-2535.56424	-1142.18137
0.47905	0.08893	0.24317	-2548.13748	-1149.91544
0.47834	0.08764	0.24541	-2559.59029	-1157.02502
0.47771	0.08642	0.24774	-2569.62183	-1163.31526
0.47718	0.0853	0.2502	-2578.22156	-1168.53178
0.47679	0.08438	0.25281	-2585.65292	-1172.37653
0.47657	0.08377	0.25558	-2590.54549	-1174.5474
0.47654	0.08368	0.25844	-2585.4914	-1174.83513
0.47672	0.08417	0.26125	-2577.65392	-1173.2142
0.47706	0.08502	0.26391	-2568.49859	-1169.84566
0.47755	0.08608	0.26641	-2558.02946	-1165.02102
0.47815	0.08727	0.26879	-2546.28396	-1159.04726
0.47883	0.08854	0.27106	-2533.54683	-1152.19518
0.47956	0.08985	0.27327	-2520.24069	-1144.67792
0.48033	0.09118	0.27543	-2506.77709	-1136.64388
0.48111	0.09252	0.27756	-2493.43245	-1128.1806
0.4819	0.09385	0.27971	-2480.39361	-1119.31318
0.48268	0.09515	0.28188	-2467.77115	-1110.00216
0.48343	0.09642	0.28409	-2455.61153	-1100.15069
0.48415	0.09764	0.28637	-2443.9315	-1089.59674
0.48483	0.09879	0.28871	-2432.68715	-1078.11867
0.48547	0.09987	0.29113	-2421.83034	-1065.44703
0.48608	0.10088	0.2936	-2411.31877	-1051.27766
0.48667	0.10182	0.29612	-2401.08766	-1035.29425
0.48726	0.10271	0.29866	-2391.10778	-1017.1947
0.48786	0.10355	0.30121	-2381.37614	-996.71635
0.4885	0.10436	0.30374	-2371.90594	-973.65982
0.4892	0.10515	0.30625	-2362.75063	-947.91783
0.48997	0.10594	0.30872	-2353.97737	-919.50293
0.4908	0.10672	0.31113	-2345.65727	-888.56084
0.49171	0.10751	0.31347	-2337.84	-855.38074
0.4927	0.10831	0.31573	-2330.54288	-820.38262
0.49375	0.10913	0.31791	-2323.74757	-784.08124
0.49486	0.10996	0.32002	-2317.41569	-747.0517
0.49602	0.1108	0.32205	-2311.48874	-709.87595
0.49721	0.11166	0.32403	-2305.87536	-673.09711
0.49843	0.11252	0.32596	-2300.39107	-637.15437
0.49966	0.11339	0.32788	-2294.81896	-602.33658
0.50088	0.11424	0.32983	-2288.96615	-568.73802
0.50206	0.11506	0.33185	-2282.66347	-536.25032
0.50315	0.11582	0.334	-2275.80973	-504.63276
0.50413	0.11649	0.33633	-2268.31058	-473.69176
0.50492	0.11702	0.33885	-2260.10811	-443.57127
0.5055	0.11741	0.34154	-2251.2398	-414.93097
0.50588	0.11767	0.34434	-2241.88562	-388.6993
0.50611	0.11782	0.34718	-2232.34113	-365.59681
0.50625	0.11792	0.35004	-2222.94848	-345.92814
0.50635	0.11799	0.3529	-2214.07583	-329.68319
0.50643	0.11804	0.35577	-2206.0302	-316.65772
0.50649	0.11808	0.35864	-2199.03337	-306.53909
0.50654	0.11811	0.36151	-2193.24853	-298.94756
0.50658	0.11814	0.36438	-2188.76709	-293.47249
0.50662	0.11816	0.36725	-2185.64634	-289.69256
0.50664	0.11821	0.37012	-2183.91907	-287.21164
0.50666	0.11823	0.37299	-2183.62602	-285.64502
0.50669	0.11825	0.37586	-2184.76122	-284.69195
0.50671	0.11825	0.37873	-2187.31559	-284.12353
0.50673	0.11826	0.3816	-2191.2465	-283.7855
0.50674	0.11816	0.38446	-2196.51475	-283.49701
0.50676	0.11826	0.38733	-2203.05277	-283.59026
0.50677	0.11827	0.3902	-2210.75183	-283.86378
0.50676	0.11818	0.39307	-2219.49747	-284.51485
0.50679	0.11826	0.39594	-2229.14578	-286.06139
0.50679	0.11823	0.39881	-2239.49777	-288.57216
0.5068	0.11822	0.40168	-2250.2039	-292.54677
0.50681	0.11822	0.40455	-2260.66155	-298.3876
0.50681	0.11822	0.40742	-2270.03644	-306.52145
0.50682	0.11822	0.41029	-2277.53152	-317.35498
0.50683	0.11821	0.41316	-2282.71491	-331.2561
0.50684	0.11821	0.41603	-2285.59267	-348.52181
0.50686	0.1182	0.4189	-2286.88304	-369.34558
0.50689	0.11818	0.42177	-2288.38316	-393.79486
0.50699	0.11812	0.42463	-2290.49754	-421.76332
0.50723	0.11796	0.42747	-2293.19701	-452.83591
0.50766	0.11767	0.43024	-2296.45269	-486.12121
0.50832	0.11723	0.43288	-2300.23691	-520.50792
0.50914	0.11665	0.43537	-2304.52728	-555.35733
0.51008	0.11599	0.43773	-2309.30498	-590.7241
0.51106	0.11528	0.44003	-2314.5588	-626.96137
0.51205	0.11456	0.44233	-2320.32947	-664.30078
0.513	0.11385	0.44466	-2326.60866	-702.63819
0.5139	0.11318	0.44706	-2333.41779	-741.51423
0.51471	0.11254	0.44954	-2340.78723	-780.21031
0.51545	0.11196	0.45209	-2348.73308	-817.8911
0.51609	0.11142	0.45471	-2357.26338	-853.76043
0.51666	0.11092	0.45739	-2366.3528	-887.17823
0.51716	0.11046	0.4601	-2375.9762	-917.71845
0.51761	0.11001	0.46284	-2386.06735	-945.16754
0.51803	0.10957	0.4656	-2396.56415	-969.49376
0.51843	0.10912	0.46835	-2407.39283	-990.80439
0.51885	0.10863	0.47109	-2418.48093	-1009.30867
0.51931	0.10808	0.47381	-2429.78138	-1025.28291
0.51982	0.10744	0.47647	-2441.28435	-1039.05617
0.52041	0.10669	0.47906	-2453.00732	-1050.99448
0.52109	0.1058	0.48155	-2464.98742	-1061.48474
0.52187	0.10478	0.4839	-2477.28207	-1070.9132
0.52272	0.10363	0.4861	-2489.91124	-1079.63765
0.52364	0.10237	0.48817	-2502.88164	-1087.95242
0.5246	0.10103	0.49013	-2516.12177	-1096.06717
0.52557	0.09963	0.49201	-2529.47866	-1104.11052
0.52655	0.09821	0.49388	-2542.68211	-1112.12949
0.52751	0.09679	0.49576	-2555.37316	-1120.11634
0.52846	0.09538	0.49767	-2567.07733	-1128.02205
0.52939	0.094	0.49963	-2577.23399	-1135.77664
0.5303	0.09264	0.50163	-2585.26348	-1143.26823
0.53119	0.09135	0.5037	-2590.60584	-1150.25203
0.5319	0.09033	0.50609	-2592.77578	-1155.57415
0.53179	0.09046	0.50895	-2591.53354	-1154.93532
0.53108	0.09148	0.51135	-2587.03891	-1149.60795
0.53022	0.09275	0.51347	-2579.73203	-1142.74025
0.52931	0.0941	0.51548	-2570.14827	-1135.27065
0.52838	0.09549	0.51743	-2558.86035	-1127.51221
0.52743	0.0969	0.51934	-2546.43139	-1119.60077
0.52647	0.09832	0.52122	-2533.34785	-1111.61166
0.52549	0.09974	0.52309	-2519.99052	-1103.59043
0.52452	0.10113	0.52499	-2506.65229	-1095.5392
0.52357	0.10246	0.52695	-2493.50877	-1087.40475
0.52265	0.10372	0.52903	-2480.65144	-1079.05155
0.52181	0.10486	0.53125	-2468.09367	-1070.26264
0.52104	0.10587	0.53361	-2455.82572	-1060.73701
0.52037	0.10675	0.53611	-2443.80679	-1050.1111
0.5198	0.10749	0.53871	-2432.00634	-1037.9944
0.5193	0.10812	0.54138	-2420.41339	-1023.99791
0.51885	0.10866	0.5441	-2409.04216	-1007.75399
0.51844	0.10914	0.54685	-2397.94204	-988.93245
0.51805	0.10959	0.54961	-2387.18271	-967.25581
0.51764	0.11003	0.55237	-2376.84296	-942.51426
0.5172	0.11046	0.55511	-2366.97909	-914.59985
0.51671	0.11092	0.55784	-2357.65695	-883.54448
0.51615	0.11142	0.56052	-2348.89575	-849.56147
0.51552	0.11195	0.56315	-2340.71813	-813.07702
0.5148	0.11253	0.56571	-2333.11213	-774.73159
0.51399	0.11316	0.5682	-2326.05724	-735.32323
0.51311	0.11383	0.57061	-2319.51756	-695.69165
0.51217	0.11453	0.57296	-2313.47119	-656.56572
0.5112	0.11524	0.57528	-2307.92308	-618.42485
0.51023	0.11594	0.5776	-2302.83997	-581.4072
0.50931	0.1166	0.57998	-2298.23001	-545.34105
0.5085	0.11717	0.58247	-2294.11673	-509.95901
0.50785	0.11762	0.58512	-2290.53095	-475.27797
0.5074	0.11792	0.58788	-2287.5103	-441.921
0.50715	0.11809	0.59072	-2285.08811	-410.91297
0.50703	0.11817	0.59358	-2283.30071	-383.093
0.50698	0.1182	0.59645	-2281.82974	-358.86811
0.50695	0.11822	0.59932	-2279.02289	-338.33799
0.50693	0.11823	0.60219	-2273.99591	-321.42104
0.50692	0.11824	0.60506	-2266.72656	-307.90445
0.50691	0.11825	0.60793	-2257.65937	-297.47338
0.5069	0.11826	0.6108	-2247.56987	-289.74132
0.50689	0.11826	0.61367	-2237.25174	-284.28588
0.50689	0.11828	0.61654	-2227.27703	-280.67098
0.50689	0.11831	0.61941	-2217.98975	-278.45955
0.50688	0.11832	0.62228	-2209.5924	-277.24839
0.50687	0.11832	0.62515	-2202.22318	-276.70318
0.50685	0.11823	0.62802	-2195.99868	-276.48108
0.50685	0.11823	0.63089	-2191.01955	-276.55444
0.50684	0.11822	0.63376	-2187.35339	-276.74607
0.50683	0.11832	0.63662	-2185.03664	-277.13869
0.50681	0.11831	0.63949	-2184.11892	-277.64037
0.5068	0.1183	0.64236	-2184.60037	-278.50766
0.50678	0.11829	0.64523	-2186.48928	-279.98873
0.50677	0.11825	0.6481	-2189.74446	-282.40373
0.50675	0.11823	0.65097	-2194.33569	-286.15525
0.50672	0.11821	0.65384	-2200.20364	-291.65765
0.50668	0.11819	0.65671	-2207.25387	-299.34893
0.50663	0.11816	0.65958	-2215.3302	-309.65002
0.50657	0.11812	0.66245	-2224.2155	-322.9492
0.5065	0.11807	0.66532	-2233.60255	-339.56144
0.50638	0.11799	0.66818	-2243.11058	-359.6854
0.50617	0.11786	0.67103	-2252.38882	-383.31318
0.5058	0.11761	0.67383	-2261.14056	-410.07567
0.50521	0.11722	0.67651	-2269.21423	-439.1175
0.5044	0.11667	0.67902	-2276.60426	-469.38165
0.5034	0.11598	0.68131	-2283.39332	-500.20845
0.50228	0.1152	0.68342	-2289.67939	-531.56881
0.50108	0.11437	0.68539	-2295.56156	-563.7846
0.49984	0.1135	0.6873	-2301.19675	-597.17966
0.49859	0.11262	0.68918	-2306.76608	-631.90047
0.49736	0.11175	0.69109	-2312.47284	-667.85981
0.49615	0.11088	0.69304	-2318.49162	-704.76175
0.49498	0.11003	0.69505	-2324.90634	-742.15295
0.49386	0.10919	0.69714	-2331.77186	-779.47196
0.4928	0.10837	0.69931	-2339.1282	-816.11892
0.4918	0.10757	0.70156	-2346.9924	-851.50087
0.49088	0.10677	0.70389	-2355.34777	-885.08607
0.49003	0.10598	0.70629	-2364.14402	-916.43864
0.48926	0.10519	0.70874	-2373.30913	-945.25434
0.48856	0.1044	0.71125	-2382.77376	-971.37617
0.48791	0.10358	0.71378	-2392.48929	-994.78265
0.4873	0.10274	0.71633	-2402.44829	-1015.5757
0.48672	0.10186	0.71887	-2412.66282	-1033.95249
0.48613	0.10091	0.72138	-2423.17136	-1050.17585
0.48552	0.0999	0.72385	-2434.04657	-1064.54988
0.48487	0.09882	0.72626	-2445.33181	-1077.39484
0.48419	0.09767	0.72861	-2457.07451	-1089.0189
0.48347	0.09645	0.73088	-2469.31103	-1099.69621
0.48271	0.09517	0.73309	-2482.01469	-1109.65241
0.48193	0.09386	0.73525	-2495.12632	-1119.05277
0.48114	0.09253	0.73738	-2508.51969	-1127.99637
0.48034	0.09118	0.73951	-2521.99044	-1136.52352
0.47957	0.08985	0.74165	-2535.24311	-1144.61011
0.47883	0.08853	0.74385	-2547.84047	-1152.168
0.47814	0.08726	0.74611	-2559.3337	-1159.04869
0.47754	0.08606	0.74848	-2569.4208	-1165.03846
0.47705	0.085	0.75098	-2578.08624	-1169.86675
0.4767	0.08415	0.75365	-2585.57262	-1173.22859
0.47653	0.08367	0.75645	-2590.3326	-1174.83673
0.47658	0.08379	0.75931	-2585.22823	-1174.53565
0.47681	0.08441	0.76208	-2577.37341	-1172.35346
0.4772	0.08533	0.76469	-2568.21145	-1168.50495
0.47772	0.08644	0.76715	-2557.723	-1163.29588
0.47835	0.08766	0.7695	-2545.95441	-1157.02567
0.47905	0.08894	0.77175	-2533.19968	-1149.94861
0.47979	0.09026	0.77394	-2519.88607	-1142.25908
0.48057	0.09159	0.77609	-2506.42273	-1134.08529
0.48135	0.09293	0.77822	-2493.0845	-1125.49742
0.48214	0.09425	0.78037	-2480.05568	-1116.49933
0.48291	0.09555	0.78256	-2467.44509	-1107.03444
0.48365	0.0968	0.78479	-2455.2978	-1096.98646
0.48436	0.098	0.78709	-2443.62991	-1086.17432
0.48503	0.09913	0.78945	-2432.39659	-1074.36091
0.48566	0.10019	0.79188	-2421.54975	-1061.26371
0.48626	0.10118	0.79437	-2411.04673	-1046.57388
0.48685	0.1021	0.79689	-2400.8232	-1029.97529
0.48744	0.10297	0.79944	-2390.85033	-1011.17626
0.48806	0.1038	0.80198	-2381.12555	-989.93006
0.48872	0.10461	0.80451	-2371.66311	-966.06236
0.48944	0.1054	0.80701	-2362.51734	-939.49962
0.49022	0.10618	0.80946	-2353.75531	-910.29319
0.49108	0.10697	0.81185	-2345.44778	-878.63122
0.49202	0.10776	0.81417	-2337.64404	-844.84429
0.49302	0.10857	0.8164	-2330.36057	-809.384
0.49409	0.10939	0.81857	-2323.57777	-772.78688
0.49521	0.11022	0.82065	-2317.2574	-735.63418
0.49638	0.11107	0.82267	-2311.33976	-698.49959
0.49759	0.11193	0.82463	-2305.73214	-661.89954
0.49881	0.11279	0.82656	-2300.24885	-626.23024
0.50003	0.11365	0.82849	-2294.67252	-591.72565
0.50124	0.11449	0.83046	-2288.81266	-558.42006
0.50239	0.11529	0.83252	-2282.50105	-526.16414
0.50345	0.11603	0.83473	-2275.63752	-494.72223
0.50437	0.11666	0.83712	-2268.12811	-463.98816
0.5051	0.11715	0.8397	-2259.91642	-434.26331
0.50562	0.1175	0.84242	-2251.04194	-406.31683
0.50595	0.11772	0.84524	-2241.68761	-381.0392
0.50616	0.11786	0.84808	-2232.14871	-359.01924
0.50629	0.11794	0.85095	-2222.76679	-340.45005
0.50638	0.11801	0.85381	-2213.90909	-325.2541
0.50645	0.11805	0.85668	-2205.88194	-313.18726
0.50651	0.11809	0.85955	-2198.90687	-303.91222
0.50656	0.11812	0.86242	-2193.14669	-297.03736
0.5066	0.11815	0.86529	-2188.69164	-292.1446
0.50663	0.11818	0.86816	-2185.59817	-288.8215
0.50665	0.11822	0.87102	-2183.89923	-286.66896
0.50667	0.11824	0.87389	-2183.63477	-285.32894
0.50669	0.11825	0.87676	-2184.79905	-284.52128
0.50671	0.11826	0.87963	-2187.38152	-284.04378
0.50673	0.11826	0.8825	-2191.34022	-283.76249
0.50674	0.11816	0.88537	-2196.63518	-283.53033
0.50676	0.11826	0.88824	-2203.19838	-283.6991
0.50678	0.11827	0.89111	-2210.91989	-284.10108
0.50679	0.11827	0.89398	-2219.68529	-285.04074
0.50679	0.11825	0.89685	-2229.35032	-286.80397
0.50679	0.11823	0.89972	-2239.71346	-289.73681
0.5068	0.11822	0.90259	-2250.42083	-294.26255
0.50681	0.11822	0.90546	-2260.86408	-300.78942
0.50682	0.11822	0.90833	-2270.2073	-309.74046
0.50683	0.11822	0.9112	-2277.65979	-321.51322
0.50684	0.11821	0.91407	-2282.79662	-336.45525
0.50685	0.11821	0.91694	-2285.63101	-354.83593
0.50687	0.1182	0.91981	-2286.91068	-376.80945
0.50691	0.11817	0.92268	-2288.42732	-402.39747
0.50705	0.11808	0.92554	-2290.5576	-431.42005
0.50733	0.11789	0.92837	-2293.27224	-463.32439
0.50784	0.11755	0.9311	-2296.54255	-497.07758
0.50855	0.11706	0.93369	-2300.3407	-531.62906
0.50942	0.11645	0.93613	-2304.6446	-566.57
0.51039	0.11577	0.93847	-2309.43579	-602.119
0.51138	0.11505	0.94075	-2314.70354	-638.64427
0.51236	0.11433	0.94305	-2320.48905	-676.29176
0.5133	0.11363	0.9454	-2326.78357	-714.84157
0.51417	0.11297	0.94782	-2333.60876	-753.73749
0.51496	0.11235	0.95033	-2340.99532	-792.20371
0.51567	0.11178	0.9529	-2348.95909	-829.39735
0.51629	0.11125	0.95554	-2357.50709	-864.55755
0.51683	0.11077	0.95823	-2366.61353	-897.1074
0.51731	0.11031	0.96096	-2376.25281	-926.68932
0.51775	0.10987	0.96371	-2386.35777	-953.15053
0.51816	0.10943	0.96646	-2396.86689	-976.5094
0.51857	0.10897	0.96921	-2407.70506	-996.9082
0.51899	0.10846	0.97195	-2418.80109	-1014.58145
0.51946	0.10789	0.97465	-2430.10821	-1029.82238
0.51999	0.10722	0.9773	-2441.61764	-1042.97384
0.52061	0.10643	0.97986	-2453.34749	-1054.40974
0.52132	0.1055	0.98231	-2465.33594	-1064.52035
0.52212	0.10444	0.98461	-2477.6392	-1073.68603
0.52299	0.10325	0.98677	-2490.27749	-1082.24794
0.52393	0.10197	0.9888	-2503.25589	-1090.47668
0.52489	0.1006	0.99073	-2516.50052	-1098.55552
0.52587	0.0992	0.99261	-2529.85625	-1106.58756
0.52685	0.09778	0.99447	-2543.04922	-1114.59939
0.52781	0.09636	0.99636	-2555.71779	-1122.56843
0.52875	0.09495	0.99829	-2567.38461	-1130.43714
0.52992	0.09335	0.99963	-2577.48783	-1139.0678
0.53126	0.09159	1	-2585.4069	-1147.73779